Random result
Layer 0
 0  0  0  0  0  0  0  0  0  0  0  0  0  0  0 
 0  0  0  0  0  0  0  0  0  0  0  0  0  0  0 
 1  0  1  0  1  0  1  0  1  0  1  0  1  0  1 
 0  0  0  0  0  0  0  0  0  0  0  0  0  0  0 
 1  0  1  0  1  0  1  0  1  0  1  0  1  0  1 
 0  0  0  0  0  0  0  0  0  0  0  0  0  0  0 
 1  0  1  0  1  0  1  0  1  0  1  0  1  0  1 
 0  0  0  0  0  0  0  0  0  0  0  0  0  0  0 
 1  0  1  0  1  0  1  0  1  0  1  0  1  0  1 
 0  0  0  0  0  0  0  0  0  0  0  0  0  0  0 
 1  0  1  0  1  0  1  0  1  0  1  0  1  0  1 
 0  0  0  0  0  0  0  0  0  0  0  0  0  0  0 
 0  0  0  0  0  0  0  0  0  0  0  0  0  0  0 
Layer 1
 0  0  0  0  0  0  0  0  0  0  0  0  0  0  0 
 0  0  0  0  0  0  0  0  0  0  0  0  0  0  0 
 1  0  1  0  1  0  1  0  1  0  1  0  1  0  1 
 1  0  1  0  1  0  1  0  1  0  1  0  1  0  1 
 1  0  1  0  1  0  1  0  1  0  1  0  1  0  1 
 1  0  1  0  1  0  1  0  1  0  1  0  1  0  1 
 1  0  1  0  1  0  1  0  1  0  1  0  1  0  1 
 1  0  1  0  1  0  1  0  1  0  1  0  1  0  1 
 1  0  1  0  1  0  1  0  1  0  1  0  1  0  1 
 1  0  1  0  1  0  1  0  1  0  1  0  1  0  1 
 1  0  1  0  1  0  1  0  1  0  1  0  1  0  1 
 0  0  0  0  0  0  0  0  0  0  0  0  0  0  0 
 0  0  0  0  0  0  0  0  0  0  0  0  0  0  0 
Layer 2
 0  0  0  0  0  0  0  0  0  0  0  0  0  0  0 
 0  0  0  0  0  0  0  0  0  0  0  0  0  0  0 
 1  1  1  1  1  1  1  1  1  1  1  1  1  1  1 
 0  0  0  0  0  0  0  0  0  0  0  0  0  0  0 
 1  1  1  1  1  1  1  1  1  1  1  1  1  1  1 
 0  0  0  0  0  0  0  0  0  0  0  0  0  0  0 
 1  1  1  1  1  1  1  1  1  1  1  1  1  1  1 
 0  0  0  0  0  0  0  0  0  0  0  0  0  0  0 
 1  1  1  1  1  1  1  1  1  1  1  1  1  1  1 
 0  0  0  0  0  0  0  0  0  0  0  0  0  0  0 
 1  1  1  1  1  1  1  1  1  1  1  1  1  1  1 
 0  0  0  0  0  0  0  0  0  0  0  0  0  0  0 
 0  0  0  0  0  0  0  0  0  0  0  0  0  0  0 
Layer 3
 0  0  0  0  0  0  0  0  0  0  0  0  0  0  0 
 0  0  0  0  0  0  0  0  0  0  0  0  0  0  0 
 1  1  1  1  1  1  1  1  1  1  1  1  1  1  1 
 0  0  0  0  0  0  0  0  0  0  0  0  0  0  0 
 1  1  1  1  1  1  1  1  1  1  1  1  1  1  1 
 0  0  0  0  0  0  0  0  0  0  0  0  0  0  0 
 1  1  1  1  1  1  1  1  1  1  1  1  1  1  1 
 0  0  0  0  0  0  0  0  0  0  0  0  0  0  0 
 1  1  1  1  1  1  1  1  1  1  1  1  1  1  1 
 0  0  0  0  0  0  0  0  0  0  0  0  0  0  0 
 1  1  1  1  1  1  1  1  1  1  1  1  1  1  1 
 0  0  0  0  0  0  0  0  0  0  0  0  0  0  0 
 0  0  0  0  0  0  0  0  0  0  0  0  0  0  0 
Layer 4
 0  0  0  0  0  0  0  0  0  0  0  0  0  0  0 
 0  0  0  0  0  0  0  0  0  0  0  0  0  0  0 
 1  0  1  0  1  0  1  0  1  0  1  0  1  0  1 
 1  0  1  0  1  0  1  0  1  0  1  0  1  0  1 
 1  0  1  0  1  0  1  0  1  0  1  0  1  0  1 
 1  0  1  0  1  0  1  0  1  0  1  0  1  0  1 
 1  0  1  0  1  0  1  0  1  0  1  0  1  0  1 
 1  0  1  0  1  0  1  0  1  0  1  0  1  0  1 
 1  0  1  0  1  0  1  0  1  0  1  0  1  0  1 
 1  0  1  0  1  0  1  0  1  0  1  0  1  0  1 
 1  0  1  0  1  0  1  0  1  0  1  0  1  0  1 
 0  0  0  0  0  0  0  0  0  0  0  0  0  0  0 
 0  0  0  0  0  0  0  0  0  0  0  0  0  0  0 
Layer 5
 0  0  0  0  0  0  0  0  0  0  0  0  0  0  0 
 0  0  0  0  0  0  0  0  0  0  0  0  0  0  0 
 1  0  1  0  1  0  1  0  1  0  1  0  1  0  1 
 1  0  1  0  1  0  1  0  1  0  1  0  1  0  1 
 1  0  1  0  1  0  1  0  1  0  1  0  1  0  1 
 1  0  1  0  1  0  1  0  1  0  1  0  1  0  1 
 1  0  1  0  1  0  1  0  1  0  1  0  1  0  1 
 1  0  1  0  1  0  1  0  1  0  1  0  1  0  1 
 1  0  1  0  1  0  1  0  1  0  1  0  1  0  1 
 1  0  1  0  1  0  1  0  1  0  1  0  1  0  1 
 1  0  1  0  1  0  1  0  1  0  1  0  1  0  1 
 0  0  0  0  0  0  0  0  0  0  0  0  0  0  0 
 0  0  0  0  0  0  0  0  0  0  0  0  0  0  0 
Specity result
Layer 0
 0  0  0  0  0  0  0  0  0  0  0  0  0  0  0 
 0  0  0  0  0  0  0  0  0  0  0  0  0  0  0 
 1  0  1  0  1  0  1  0  1  0  1  0  1  0  1 
 0  0  0  0  0  0  0  0  0  0  0  0  0  0  0 
 1  0  1  0  1  0  1  0  1  0  1  0  1  0  1 
 0  0  0  0  0  0  0  0  0  0  0  0  0  0  0 
 1  0  1  0  1  0  1  0  1  0  1  0  1  0  1 
 0  0  0  0  0  0  0  0  0  0  0  0  0  0  0 
 1  0  1  0  1  0  1  0  1  0  1  0  1  0  1 
 0  0  0  0  0  0  0  0  0  0  0  0  0  0  0 
 1  0  1  0  1  0  1  0  1  0  1  0  1  0  1 
 0  0  0  0  0  0  0  0  0  0  0  0  0  0  0 
 0  0  0  0  0  0  0  0  0  0  0  0  0  0  0 
Layer 1
 0  0  0  0  0  0  0  0  0  0  0  0  0  0  0 
 0  0  0  0  0  0  0  0  0  0  0  0  0  0  0 
 1  0  1  0  1  0  1  0  1  0  1  0  1  0  1 
 1  0  1  0  1  0  1  0  1  0  1  0  1  0  1 
 1  0  1  0  1  0  1  0  1  0  1  0  1  0  1 
 1  0  1  0  1  0  1  0  1  0  1  0  1  0  1 
 1  0  1  0  1  0  1  0  1  0  1  0  1  0  1 
 1  0  1  0  1  0  1  0  1  0  1  0  1  0  1 
 1  0  1  0  1  0  1  0  1  0  1  0  1  0  1 
 1  0  1  0  1  0  1  0  1  0  1  0  1  0  1 
 1  0  1  0  1  0  1  0  1  0  1  0  1  0  1 
 0  0  0  0  0  0  0  0  0  0  0  0  0  0  0 
 0  0  0  0  0  0  0  0  0  0  0  0  0  0  0 
Layer 2
 0  0  0  0  0  0  0  0  0  0  0  0  0  0  0 
 0  0  0  0  0  0  0  0  0  0  0  0  0  0  0 
 1  1  1  1  1  1  1  1  1  1  1  1  1  1  1 
 0  0  0  0  0  0  0  0  0  0  0  0  0  0  0 
 1  1  1  1  1  1  1  1  1  1  1  1  1  1  1 
 0  0  0  0  0  0  0  0  0  0  0  0  0  0  0 
 1  1  1  1  1  1  1  1  1  1  1  1  1  1  1 
 0  0  0  0  0  0  0  0  0  0  0  0  0  0  0 
 1  1  1  1  1  1  1  1  1  1  1  1  1  1  1 
 0  0  0  0  0  0  0  0  0  0  0  0  0  0  0 
 1  1  1  1  1  1  1  1  1  1  1  1  1  1  1 
 0  0  0  0  0  0  0  0  0  0  0  0  0  0  0 
 0  0  0  0  0  0  0  0  0  0  0  0  0  0  0 
Layer 3
 0  0  0  0  0  0  0  0  0  0  0  0  0  0  0 
 0  0  0  0  0  0  0  0  0  0  0  0  0  0  0 
 5  6  1 10  5 11  8  9  5  0  1  8  7  8  1 
 5  6  1 10  5 11  8  9  5  0  1  8  7  8  1 
 5  6  1 10  5 11  8  9  5  0  1  8  7  8  1 
 5  6  1 10  5 11  8  9  5  0  1  8  7  8  1 
 0  6  0 10  0 11  0  9  0  0  0  8  7  8  0 
 2  6 12 10  8 11 13  9  2  0  2  8  7  8  2 
 2  6 12 10  8 11 13  9  2  0  2  8  7  8  2 
 2  6 12 10  8 11 13  9  2  0  2  8  7  8  2 
 2  6 12 10  8 11 13  9  2  0  2  8  7  8  2 
 0  0  0  0  0  0  0  0  0  0  0  0  0  0  0 
 0  0  0  0  0  0  0  0  0  0  0  0  0  0  0 
Layer 4
 0  0  0  0  0  0  0  0  0  0  0  0  0  0  0 
 0  0  0  0  0  0  0  0  0  0  0  0  0  0  0 
 1  0  1  0  1  0  1  0  1  0  1  0  1  0  1 
 1  0  1  0  1  0  1  0  1  0  1  0  1  0  1 
 1  0  1  0  1  0  1  0  1  0  1  0  1  0  1 
 1  0  1  0  1  0  1  0  1  0  1  0  1  0  1 
 1  0  1  0  1  0  1  0  1  0  1  0  1  0  1 
 1  0  1  0  1  0  1  0  1  0  1  0  1  0  1 
 1  0  1  0  1  0  1  0  1  0  1  0  1  0  1 
 1  0  1  0  1  0  1  0  1  0  1  0  1  0  1 
 1  0  1  0  1  0  1  0  1  0  1  0  1  0  1 
 0  0  0  0  0  0  0  0  0  0  0  0  0  0  0 
 0  0  0  0  0  0  0  0  0  0  0  0  0  0  0 
Layer 5
 0  0  0  0  0  0  0  0  0  0  0  0  0  0  0 
 0  0  0  0  0  0  0  0  0  0  0  0  0  0  0 
 1  0  1  0  1  0  1  0  1  0  1  0  1  0  1 
 1  0  1  0  1  0  1  0  1  0  1  0  1  0  1 
 1  0  1  0  1  0  1  0  1  0  1  0  1  0  1 
 1  0  1  0  1  0  1  0  1  0  1  0  1  0  1 
 1  0  1  0  1  0  1  0  1  0  1  0  1  0  1 
 1  0  1  0  1  0  1  0  1  0  1  0  1  0  1 
 1  0  1  0  1  0  1  0  1  0  1  0  1  0  1 
 1  0  1  0  1  0  1  0  1  0  1  0  1  0  1 
 1  0  1  0  1  0  1  0  1  0  1  0  1  0  1 
 0  0  0  0  0  0  0  0  0  0  0  0  0  0  0 
 0  0  0  0  0  0  0  0  0  0  0  0  0  0  0